183707651
183707652
183707653
183707661
183707663
183707664
183707665
183707676
183707677
183707681
183707682
183707684
183707688
183707689
183707690
183707692
183707693
183707694
183707699
183707707
183707714
183707716
183707717
183707723
183707724
183707727
183707729
183707731
183707732
183707739
183707742
183707743
183707745
183707747
183707749
183707751
183707754
183707755
183707759
183707760
183707761
183707762
183707763
183707764
183707765
183707766
183707767
183707768
183707769
183707771
183707773
183707774
183707775
183707777
183707778
183707779
183707781
183707783
183707785
183707786
183707787
183707788
183707789
183707790
183707791
183707792
183707793
183707794
183707795
183707796
183707797
183707798
183707799
183707800
183707801
183707802
183707803
183707804
183707805
183707806
183707807
183707808
183707809
183707810
183707811
183707812
183707813
183707814
183707815
183707816
183707817
183707818
183707819
183707820
183707821
183707822
183707823
183707824
183707825
183707826
183707827
183707828
183707829
183707830
183707831
183707832
183707833
183707834
183707835
183707836
183707837
183707838
183707839
183707840
183707841
183707842
183707843
183707844
183707845
183707846
183707847
183707848
183707849
183707850
183707851
183707852
183707853
183707854
183707855
183707856
183707857
183707858
183707859
183707860
183707861
183707862
183707863
183707864
183707865
183707866
183707867
183707868
183707869
183707870
183707871
183707872
183707873
183707874
183707875
183707876
183707877
183707878
183707879
183707880
183707881
183707882
183707888
183707889
183707890
183707891
183707892
183707893
183707894
183707895
183707896
183707897
183707898
183707899
183707900
183707901
183707902
