183707649
183707650
183707654
183707655
183707656
183707657
183707658
183707659
183707660
183707662
183707666
183707667
183707668
183707669
183707670
183707671
183707672
183707673
183707674
183707675
183707678
183707679
183707680
183707683
183707685
183707686
183707687
183707691
183707695
183707696
183707697
183707698
183707700
183707701
183707702
183707703
183707704
183707705
183707706
183707708
183707709
183707710
183707711
183707712
183707713
183707715
183707718
183707719
183707720
183707721
183707722
183707725
183707726
183707728
183707730
183707733
183707734
183707735
183707736
183707737
183707738
183707740
183707741
183707744
183707746
183707748
183707750
183707752
183707753
183707756
183707757
183707758
183707770
183707772
183707776
183707780
183707782
183707784
183707883
183707884
183707885
183707886
183707887
183707903
